0,0,gggGGGGr,5.0
5,1,yyyyyyyr,8.0
10,2,rrrrrrrG,13.0
15,3,rrrrrrrr,18.0
20,0,gggGGGGr,23.0
25,1,yyyyyyyr,26.0
30,2,rrrrrrrG,31.0
35,3,rrrrrrrr,36.0
40,0,gggGGGGr,41.0
45,2,rrrrrrrG,49.0
50,3,rrrrrrrr,54.0
55,0,gggGGGGr,59.0
60,1,yyyyyyyr,62.0
65,2,rrrrrrrG,67.0
70,3,rrrrrrrr,72.0
75,0,gggGGGGr,77.0
80,0,gggGGGGr,81.0
85,2,rrrrrrrG,89.0
90,3,rrrrrrrr,94.0
95,0,gggGGGGr,99.0
100,1,yyyyyyyr,102.0
105,2,rrrrrrrG,107.0
110,3,rrrrrrrr,112.0
115,0,gggGGGGr,117.0
120,2,rrrrrrrG,125.0
125,3,rrrrrrrr,130.0
130,0,gggGGGGr,135.0
135,1,yyyyyyyr,138.0
140,2,rrrrrrrG,143.0
145,3,rrrrrrrr,148.0
150,0,gggGGGGr,153.0
155,1,yyyyyyyr,156.0
160,2,rrrrrrrG,161.0
165,3,rrrrrrrr,166.0
170,0,gggGGGGr,171.0
175,1,yyyyyyyr,177.0
180,2,rrrrrrrG,182.0
185,3,rrrrrrrr,187.0
190,0,gggGGGGr,192.0
195,0,gggGGGGr,196.0
200,2,rrrrrrrG,205.0
205,3,rrrrrrrr,210.0
210,0,gggGGGGr,215.0
215,1,yyyyyyyr,218.0
220,2,rrrrrrrG,223.0
225,3,rrrrrrrr,228.0
230,0,gggGGGGr,233.0
235,0,gggGGGGr,236.0
240,1,yyyyyyyr,241.0
245,2,rrrrrrrG,246.0
250,3,rrrrrrrr,251.0
255,0,gggGGGGr,256.0
260,2,rrrrrrrG,264.0
265,3,rrrrrrrr,269.0
270,0,gggGGGGr,274.0
275,1,yyyyyyyr,277.0
280,2,rrrrrrrG,282.0
285,3,rrrrrrrr,287.0
290,0,gggGGGGr,292.0
295,1,yyyyyyyr,297.0
300,2,rrrrrrrG,302.0
305,3,rrrrrrrr,307.0
310,0,gggGGGGr,312.0
315,1,yyyyyyyr,318.0
320,2,rrrrrrrG,323.0
325,3,rrrrrrrr,328.0
330,0,gggGGGGr,333.0
335,0,gggGGGGr,337.0
340,0,gggGGGGr,341.0
345,0,gggGGGGr,346.0
350,2,rrrrrrrG,355.0
355,3,rrrrrrrr,360.0
360,0,gggGGGGr,365.0
365,0,gggGGGGr,367.0
370,0,gggGGGGr,371.0
375,0,gggGGGGr,377.0
380,0,gggGGGGr,381.0
385,0,gggGGGGr,386.0
390,0,gggGGGGr,391.0
395,2,rrrrrrrG,399.0
400,3,rrrrrrrr,404.0
405,0,gggGGGGr,409.0
410,0,gggGGGGr,411.0
415,0,gggGGGGr,417.0
420,0,gggGGGGr,421.0
425,0,gggGGGGr,427.0
430,0,gggGGGGr,431.0
435,0,gggGGGGr,437.0
440,0,gggGGGGr,441.0
445,0,gggGGGGr,447.0
450,0,gggGGGGr,451.0
455,1,yyyyyyyr,457.0
460,2,rrrrrrrG,462.0
465,3,rrrrrrrr,467.0
470,0,gggGGGGr,472.0
475,0,gggGGGGr,476.0
480,0,gggGGGGr,482.0
485,0,gggGGGGr,486.0
490,0,gggGGGGr,492.0
495,0,gggGGGGr,496.0
500,0,gggGGGGr,502.0
505,0,gggGGGGr,506.0
510,0,gggGGGGr,512.0
515,0,gggGGGGr,516.0
520,2,rrrrrrrG,525.0
525,3,rrrrrrrr,530.0
530,0,gggGGGGr,535.0
535,0,gggGGGGr,537.0
540,0,gggGGGGr,541.0
545,0,gggGGGGr,547.0
550,0,gggGGGGr,551.0
555,0,gggGGGGr,557.0
560,0,gggGGGGr,561.0
565,0,gggGGGGr,567.0
570,0,gggGGGGr,571.0
575,0,gggGGGGr,577.0
580,1,yyyyyyyr,583.0
585,2,rrrrrrrG,588.0
590,3,rrrrrrrr,593.0
595,0,gggGGGGr,598.0
600,0,gggGGGGr,602.0
605,0,gggGGGGr,606.0
610,0,gggGGGGr,612.0
615,0,gggGGGGr,616.0
620,0,gggGGGGr,622.0
625,0,gggGGGGr,626.0
630,0,gggGGGGr,632.0
635,0,gggGGGGr,636.0
640,0,gggGGGGr,642.0
645,1,yyyyyyyr,646.0
650,2,rrrrrrrG,651.0
655,3,rrrrrrrr,656.0
660,0,gggGGGGr,661.0
665,0,gggGGGGr,667.0
670,0,gggGGGGr,671.0
675,0,gggGGGGr,677.0
680,0,gggGGGGr,681.0
685,0,gggGGGGr,687.0
690,0,gggGGGGr,691.0
695,0,gggGGGGr,697.0
700,1,yyyyyyyr,703.0
705,2,rrrrrrrG,708.0
710,3,rrrrrrrr,713.0
715,0,gggGGGGr,718.0
720,0,gggGGGGr,722.0
725,0,gggGGGGr,726.0
730,0,gggGGGGr,732.0
735,0,gggGGGGr,736.0
740,0,gggGGGGr,742.0
745,0,gggGGGGr,746.0
750,0,gggGGGGr,752.0
755,0,gggGGGGr,756.0
760,0,gggGGGGr,762.0
765,1,yyyyyyyr,766.0
770,2,rrrrrrrG,771.0
775,3,rrrrrrrr,776.0
780,0,gggGGGGr,781.0
785,0,gggGGGGr,787.0
790,0,gggGGGGr,791.0
795,0,gggGGGGr,797.0
800,0,gggGGGGr,801.0
805,0,gggGGGGr,807.0
810,0,gggGGGGr,811.0
815,0,gggGGGGr,817.0
820,0,gggGGGGr,821.0
825,0,gggGGGGr,826.0
830,2,rrrrrrrG,834.0
835,3,rrrrrrrr,839.0
840,0,gggGGGGr,844.0
845,0,gggGGGGr,847.0
850,0,gggGGGGr,851.0
855,0,gggGGGGr,856.0
860,0,gggGGGGr,861.0
865,2,rrrrrrrG,870.0
870,3,rrrrrrrr,875.0
875,0,gggGGGGr,880.0
880,0,gggGGGGr,882.0
885,0,gggGGGGr,886.0
890,0,gggGGGGr,892.0
895,0,gggGGGGr,896.0
900,0,gggGGGGr,902.0
905,0,gggGGGGr,906.0
910,0,gggGGGGr,912.0
915,0,gggGGGGr,916.0
920,0,gggGGGGr,922.0
925,1,yyyyyyyr,928.0
930,2,rrrrrrrG,933.0
935,3,rrrrrrrr,938.0
940,0,gggGGGGr,943.0
945,0,gggGGGGr,947.0
950,0,gggGGGGr,952.0
955,0,gggGGGGr,956.0
960,0,gggGGGGr,961.0
965,0,gggGGGGr,966.0
970,0,gggGGGGr,972.0
975,0,gggGGGGr,976.0
980,1,yyyyyyyr,981.0
985,2,rrrrrrrG,986.0
990,3,rrrrrrrr,991.0
995,0,gggGGGGr,996.0
1000,2,rrrrrrrG,1004.0
1005,3,rrrrrrrr,1009.0
1010,0,gggGGGGr,1014.0
1015,1,yyyyyyyr,1017.0
1020,2,rrrrrrrG,1022.0
1025,3,rrrrrrrr,1027.0
1030,0,gggGGGGr,1032.0
1035,2,rrrrrrrG,1040.0
1040,3,rrrrrrrr,1045.0
1045,0,gggGGGGr,1050.0
1050,1,yyyyyyyr,1053.0
1055,2,rrrrrrrG,1058.0
1060,3,rrrrrrrr,1063.0
1065,0,gggGGGGr,1068.0
1070,1,yyyyyyyr,1071.0
1075,2,rrrrrrrG,1076.0
1080,3,rrrrrrrr,1081.0
1085,0,gggGGGGr,1086.0
1090,2,rrrrrrrG,1094.0
1095,3,rrrrrrrr,1099.0
1100,0,gggGGGGr,1104.0
1105,1,yyyyyyyr,1107.0
1110,2,rrrrrrrG,1112.0
1115,3,rrrrrrrr,1117.0
1120,0,gggGGGGr,1122.0
1125,2,rrrrrrrG,1130.0
1130,3,rrrrrrrr,1135.0
1135,0,gggGGGGr,1140.0
1140,1,yyyyyyyr,1143.0
1145,2,rrrrrrrG,1148.0
1150,3,rrrrrrrr,1153.0
1155,0,gggGGGGr,1158.0
1160,1,yyyyyyyr,1161.0
1165,2,rrrrrrrG,1166.0
1170,3,rrrrrrrr,1171.0
1175,0,gggGGGGr,1176.0
1180,2,rrrrrrrG,1184.0
1185,3,rrrrrrrr,1189.0
1190,0,gggGGGGr,1194.0
1195,1,yyyyyyyr,1197.0
1200,2,rrrrrrrG,1202.0
1205,3,rrrrrrrr,1207.0
1210,0,gggGGGGr,1212.0
1215,2,rrrrrrrG,1220.0
1220,3,rrrrrrrr,1225.0
1225,0,gggGGGGr,1230.0
1230,1,yyyyyyyr,1233.0
1235,2,rrrrrrrG,1238.0
1240,3,rrrrrrrr,1243.0
1245,0,gggGGGGr,1248.0
1250,1,yyyyyyyr,1251.0
1255,2,rrrrrrrG,1256.0
1260,3,rrrrrrrr,1261.0
1265,0,gggGGGGr,1266.0
1270,2,rrrrrrrG,1274.0
1275,3,rrrrrrrr,1279.0
1280,0,gggGGGGr,1284.0
1285,1,yyyyyyyr,1287.0
1290,2,rrrrrrrG,1292.0
1295,3,rrrrrrrr,1297.0
1300,0,gggGGGGr,1302.0
1305,1,yyyyyyyr,1306.0
1310,2,rrrrrrrG,1311.0
1315,3,rrrrrrrr,1316.0
1320,0,gggGGGGr,1321.0
1325,2,rrrrrrrG,1329.0
1330,3,rrrrrrrr,1334.0
1335,0,gggGGGGr,1339.0
1340,1,yyyyyyyr,1342.0
1345,2,rrrrrrrG,1347.0
1350,3,rrrrrrrr,1352.0
1355,0,gggGGGGr,1357.0
1360,2,rrrrrrrG,1365.0
1365,3,rrrrrrrr,1370.0
1370,0,gggGGGGr,1375.0
1375,1,yyyyyyyr,1378.0
1380,2,rrrrrrrG,1383.0
1385,3,rrrrrrrr,1388.0
1390,0,gggGGGGr,1393.0
1395,0,gggGGGGr,1396.0
1400,2,rrrrrrrG,1404.0
1405,3,rrrrrrrr,1409.0
1410,0,gggGGGGr,1414.0
1415,1,yyyyyyyr,1417.0
1420,2,rrrrrrrG,1422.0
1425,3,rrrrrrrr,1427.0
1430,0,gggGGGGr,1432.0
1435,2,rrrrrrrG,1440.0
1440,3,rrrrrrrr,1445.0
1445,0,gggGGGGr,1450.0
1450,1,yyyyyyyr,1453.0
1455,2,rrrrrrrG,1458.0
1460,3,rrrrrrrr,1463.0
1465,0,gggGGGGr,1468.0
1470,1,yyyyyyyr,1471.0
1475,2,rrrrrrrG,1476.0
1480,3,rrrrrrrr,1481.0
1485,0,gggGGGGr,1486.0
1490,2,rrrrrrrG,1494.0
1495,3,rrrrrrrr,1499.0
1500,0,gggGGGGr,1504.0
1505,1,yyyyyyyr,1507.0
1510,2,rrrrrrrG,1512.0
1515,3,rrrrrrrr,1517.0
1520,0,gggGGGGr,1522.0
1525,2,rrrrrrrG,1530.0
1530,3,rrrrrrrr,1535.0
1535,0,gggGGGGr,1540.0
1540,0,gggGGGGr,1541.0
1545,2,rrrrrrrG,1550.0
1550,3,rrrrrrrr,1555.0
1555,0,gggGGGGr,1560.0
1560,1,yyyyyyyr,1563.0
1565,2,rrrrrrrG,1568.0
1570,3,rrrrrrrr,1573.0
1575,0,gggGGGGr,1578.0
1580,0,gggGGGGr,1581.0
1585,2,rrrrrrrG,1589.0
1590,3,rrrrrrrr,1594.0
1595,0,gggGGGGr,1599.0
1600,1,yyyyyyyr,1602.0
1605,2,rrrrrrrG,1607.0
1610,3,rrrrrrrr,1612.0
1615,0,gggGGGGr,1617.0
1620,1,yyyyyyyr,1623.0
1625,2,rrrrrrrG,1628.0
1630,3,rrrrrrrr,1633.0
1635,0,gggGGGGr,1638.0
1640,1,yyyyyyyr,1641.0
1645,2,rrrrrrrG,1646.0
1650,3,rrrrrrrr,1651.0
1655,0,gggGGGGr,1656.0
1660,2,rrrrrrrG,1664.0
1665,3,rrrrrrrr,1669.0
1670,0,gggGGGGr,1674.0
1675,1,yyyyyyyr,1677.0
1680,2,rrrrrrrG,1682.0
1685,3,rrrrrrrr,1687.0
1690,0,gggGGGGr,1692.0
1695,2,rrrrrrrG,1700.0
1700,3,rrrrrrrr,1705.0
1705,0,gggGGGGr,1710.0
1710,1,yyyyyyyr,1713.0
1715,2,rrrrrrrG,1718.0
1720,3,rrrrrrrr,1723.0
1725,0,gggGGGGr,1728.0
1730,1,yyyyyyyr,1731.0
1735,2,rrrrrrrG,1736.0
1740,3,rrrrrrrr,1741.0
1745,0,gggGGGGr,1746.0
1750,2,rrrrrrrG,1754.0
1755,3,rrrrrrrr,1759.0
1760,0,gggGGGGr,1764.0
1765,0,gggGGGGr,1766.0
1770,2,rrrrrrrG,1775.0
1775,3,rrrrrrrr,1780.0
1780,0,gggGGGGr,1785.0
1785,1,yyyyyyyr,1788.0
1790,2,rrrrrrrG,1793.0
1795,3,rrrrrrrr,1798.0
1800,0,gggGGGGr,1803.0
1805,1,yyyyyyyr,1806.0
1810,2,rrrrrrrG,1811.0
1815,3,rrrrrrrr,1816.0
1820,0,gggGGGGr,1821.0
1825,2,rrrrrrrG,1829.0
1830,3,rrrrrrrr,1834.0
1835,0,gggGGGGr,1839.0
1840,1,yyyyyyyr,1843.0
1845,2,rrrrrrrG,1848.0
1850,3,rrrrrrrr,1853.0
1855,0,gggGGGGr,1858.0
1860,1,yyyyyyyr,1861.0
1865,2,rrrrrrrG,1866.0
1870,3,rrrrrrrr,1871.0
1875,0,gggGGGGr,1876.0
1880,2,rrrrrrrG,1884.0
1885,3,rrrrrrrr,1889.0
1890,0,gggGGGGr,1894.0
1895,1,yyyyyyyr,1897.0
1900,2,rrrrrrrG,1902.0
1905,3,rrrrrrrr,1907.0
1910,0,gggGGGGr,1912.0
1915,2,rrrrrrrG,1920.0
1920,3,rrrrrrrr,1925.0
1925,0,gggGGGGr,1930.0
1930,1,yyyyyyyr,1933.0
1935,2,rrrrrrrG,1938.0
1940,3,rrrrrrrr,1943.0
1945,0,gggGGGGr,1948.0
1950,1,yyyyyyyr,1951.0
1955,2,rrrrrrrG,1956.0
1960,3,rrrrrrrr,1961.0
1965,0,gggGGGGr,1966.0
1970,2,rrrrrrrG,1974.0
1975,3,rrrrrrrr,1979.0
1980,0,gggGGGGr,1984.0
1985,0,gggGGGGr,1987.0
1990,0,gggGGGGr,1991.0
1995,2,rrrrrrrG,1999.0
2000,3,rrrrrrrr,2004.0
2005,0,gggGGGGr,2009.0
2010,1,yyyyyyyr,2012.0
2015,2,rrrrrrrG,2017.0
2020,3,rrrrrrrr,2022.0
2025,0,gggGGGGr,2027.0
2030,2,rrrrrrrG,2035.0
2035,3,rrrrrrrr,2040.0
2040,0,gggGGGGr,2045.0
2045,0,gggGGGGr,2046.0
2050,2,rrrrrrrG,2055.0
2055,3,rrrrrrrr,2060.0
2060,0,gggGGGGr,2065.0
2065,1,yyyyyyyr,2068.0
2070,2,rrrrrrrG,2073.0
2075,3,rrrrrrrr,2078.0
2080,0,gggGGGGr,2083.0
2085,1,yyyyyyyr,2086.0
2090,2,rrrrrrrG,2091.0
2095,3,rrrrrrrr,2096.0
2100,0,gggGGGGr,2101.0
2105,2,rrrrrrrG,2109.0
2110,3,rrrrrrrr,2114.0
2115,0,gggGGGGr,2119.0
2120,1,yyyyyyyr,2122.0
2125,2,rrrrrrrG,2127.0
2130,3,rrrrrrrr,2132.0
2135,0,gggGGGGr,2137.0
2140,2,rrrrrrrG,2145.0
2145,3,rrrrrrrr,2150.0
2150,0,gggGGGGr,2155.0
2155,0,gggGGGGr,2156.0
2160,0,gggGGGGr,2161.0
2165,2,rrrrrrrG,2170.0
2170,3,rrrrrrrr,2175.0
2175,0,gggGGGGr,2180.0
2180,1,yyyyyyyr,2183.0
2185,2,rrrrrrrG,2188.0
2190,3,rrrrrrrr,2193.0
2195,0,gggGGGGr,2198.0
2200,1,yyyyyyyr,2203.0
2205,2,rrrrrrrG,2208.0
2210,3,rrrrrrrr,2213.0
2215,0,gggGGGGr,2218.0
2220,1,yyyyyyyr,2221.0
2225,2,rrrrrrrG,2226.0
2230,3,rrrrrrrr,2231.0
2235,0,gggGGGGr,2236.0
2240,2,rrrrrrrG,2244.0
2245,3,rrrrrrrr,2249.0
2250,0,gggGGGGr,2254.0
2255,1,yyyyyyyr,2257.0
2260,2,rrrrrrrG,2262.0
2265,3,rrrrrrrr,2267.0
2270,0,gggGGGGr,2272.0
2275,2,rrrrrrrG,2280.0
2280,3,rrrrrrrr,2285.0
2285,0,gggGGGGr,2290.0
2290,0,gggGGGGr,2292.0
2295,1,yyyyyyyr,2296.0
2300,2,rrrrrrrG,2301.0
2305,3,rrrrrrrr,2306.0
2310,0,gggGGGGr,2311.0
2315,2,rrrrrrrG,2319.0
2320,3,rrrrrrrr,2324.0
2325,0,gggGGGGr,2329.0
2330,1,yyyyyyyr,2332.0
2335,2,rrrrrrrG,2337.0
2340,3,rrrrrrrr,2342.0
2345,0,gggGGGGr,2347.0
2350,1,yyyyyyyr,2351.0
2355,2,rrrrrrrG,2356.0
2360,3,rrrrrrrr,2361.0
2365,0,gggGGGGr,2366.0
2370,2,rrrrrrrG,2374.0
2375,3,rrrrrrrr,2379.0
2380,0,gggGGGGr,2384.0
2385,1,yyyyyyyr,2387.0
2390,2,rrrrrrrG,2392.0
2395,3,rrrrrrrr,2397.0
2400,0,gggGGGGr,2402.0
2405,2,rrrrrrrG,2410.0
2410,3,rrrrrrrr,2415.0
2415,0,gggGGGGr,2420.0
2420,1,yyyyyyyr,2423.0
2425,2,rrrrrrrG,2428.0
2430,3,rrrrrrrr,2433.0
2435,0,gggGGGGr,2438.0
2440,1,yyyyyyyr,2442.0
2445,2,rrrrrrrG,2447.0
2450,3,rrrrrrrr,2452.0
2455,0,gggGGGGr,2457.0
2460,1,yyyyyyyr,2462.0
2465,2,rrrrrrrG,2467.0
2470,3,rrrrrrrr,2472.0
2475,0,gggGGGGr,2477.0
2480,2,rrrrrrrG,2485.0
2485,3,rrrrrrrr,2490.0
2490,0,gggGGGGr,2495.0
2495,0,gggGGGGr,2497.0
2500,0,gggGGGGr,2501.0
2505,1,yyyyyyyr,2507.0
2510,2,rrrrrrrG,2512.0
2515,3,rrrrrrrr,2517.0
2520,0,gggGGGGr,2522.0
2525,2,rrrrrrrG,2530.0
2530,3,rrrrrrrr,2535.0
2535,0,gggGGGGr,2540.0
2540,0,gggGGGGr,2542.0
2545,1,yyyyyyyr,2546.0
2550,2,rrrrrrrG,2551.0
2555,3,rrrrrrrr,2556.0
2560,0,gggGGGGr,2561.0
2565,2,rrrrrrrG,2569.0
2570,3,rrrrrrrr,2574.0
2575,0,gggGGGGr,2579.0
2580,1,yyyyyyyr,2582.0
2585,2,rrrrrrrG,2587.0
2590,3,rrrrrrrr,2592.0
2595,0,gggGGGGr,2597.0
2600,2,rrrrrrrG,2605.0
2605,3,rrrrrrrr,2610.0
2610,0,gggGGGGr,2615.0
2615,1,yyyyyyyr,2618.0
2620,2,rrrrrrrG,2623.0
2625,3,rrrrrrrr,2628.0
2630,0,gggGGGGr,2633.0
2635,1,yyyyyyyr,2636.0
2640,2,rrrrrrrG,2641.0
2645,3,rrrrrrrr,2646.0
2650,0,gggGGGGr,2651.0
2655,1,yyyyyyyr,2657.0
2660,2,rrrrrrrG,2662.0
2665,3,rrrrrrrr,2667.0
2670,0,gggGGGGr,2672.0
2675,0,gggGGGGr,2676.0
2680,0,gggGGGGr,2681.0
2685,2,rrrrrrrG,2689.0
2690,3,rrrrrrrr,2694.0
2695,0,gggGGGGr,2699.0
2700,0,gggGGGGr,2701.0
2705,1,yyyyyyyr,2706.0
2710,2,rrrrrrrG,2711.0
2715,3,rrrrrrrr,2716.0
2720,0,gggGGGGr,2721.0
2725,2,rrrrrrrG,2729.0
2730,3,rrrrrrrr,2734.0
2735,0,gggGGGGr,2739.0
2740,1,yyyyyyyr,2742.0
2745,2,rrrrrrrG,2747.0
2750,3,rrrrrrrr,2752.0
2755,0,gggGGGGr,2757.0
2760,2,rrrrrrrG,2765.0
2765,3,rrrrrrrr,2770.0
2770,0,gggGGGGr,2775.0
2775,1,yyyyyyyr,2778.0
2780,2,rrrrrrrG,2783.0
2785,3,rrrrrrrr,2788.0
2790,0,gggGGGGr,2793.0
2795,1,yyyyyyyr,2796.0
2800,2,rrrrrrrG,2801.0
2805,3,rrrrrrrr,2806.0
2810,0,gggGGGGr,2811.0
2815,2,rrrrrrrG,2819.0
2820,3,rrrrrrrr,2824.0
2825,0,gggGGGGr,2829.0
2830,1,yyyyyyyr,2832.0
2835,2,rrrrrrrG,2837.0
2840,3,rrrrrrrr,2842.0
2845,0,gggGGGGr,2847.0
2850,2,rrrrrrrG,2855.0
2855,3,rrrrrrrr,2860.0
2860,0,gggGGGGr,2865.0
2865,1,yyyyyyyr,2868.0
2870,2,rrrrrrrG,2873.0
2875,3,rrrrrrrr,2878.0
2880,0,gggGGGGr,2883.0
2885,1,yyyyyyyr,2888.0
2890,2,rrrrrrrG,2893.0
2895,3,rrrrrrrr,2898.0
2900,0,gggGGGGr,2903.0
2905,1,yyyyyyyr,2906.0
2910,2,rrrrrrrG,2911.0
2915,3,rrrrrrrr,2916.0
2920,0,gggGGGGr,2921.0
2925,2,rrrrrrrG,2929.0
2930,3,rrrrrrrr,2934.0
2935,0,gggGGGGr,2939.0
2940,1,yyyyyyyr,2942.0
2945,2,rrrrrrrG,2947.0
2950,3,rrrrrrrr,2952.0
2955,0,gggGGGGr,2957.0
2960,2,rrrrrrrG,2965.0
2965,3,rrrrrrrr,2970.0
2970,0,gggGGGGr,2975.0
2975,0,gggGGGGr,2977.0
2980,0,gggGGGGr,2982.0
2985,0,gggGGGGr,2986.0
2990,2,rrrrrrrG,2994.0
2995,3,rrrrrrrr,2999.0
3000,0,gggGGGGr,3004.0
3005,0,gggGGGGr,3007.0
3010,1,yyyyyyyr,3011.0
3015,2,rrrrrrrG,3016.0
3020,3,rrrrrrrr,3021.0
3025,0,gggGGGGr,3026.0
3030,2,rrrrrrrG,3034.0
3035,3,rrrrrrrr,3039.0
3040,0,gggGGGGr,3044.0
3045,1,yyyyyyyr,3047.0
3050,2,rrrrrrrG,3052.0
3055,3,rrrrrrrr,3057.0
3060,0,gggGGGGr,3062.0
3065,2,rrrrrrrG,3070.0
3070,3,rrrrrrrr,3075.0
3075,0,gggGGGGr,3080.0
3080,1,yyyyyyyr,3083.0
3085,2,rrrrrrrG,3088.0
3090,3,rrrrrrrr,3093.0
3095,0,gggGGGGr,3098.0
3100,1,yyyyyyyr,3101.0
3105,2,rrrrrrrG,3106.0
3110,3,rrrrrrrr,3111.0
3115,0,gggGGGGr,3116.0
3120,0,gggGGGGr,3121.0
3125,2,rrrrrrrG,3129.0
3130,3,rrrrrrrr,3134.0
3135,0,gggGGGGr,3139.0
3140,1,yyyyyyyr,3142.0
3145,2,rrrrrrrG,3147.0
3150,3,rrrrrrrr,3152.0
3155,0,gggGGGGr,3157.0
3160,2,rrrrrrrG,3165.0
3165,3,rrrrrrrr,3170.0
3170,0,gggGGGGr,3175.0
3175,1,yyyyyyyr,3178.0
3180,2,rrrrrrrG,3183.0
3185,3,rrrrrrrr,3188.0
3190,0,gggGGGGr,3193.0
3195,0,gggGGGGr,3196.0
3200,2,rrrrrrrG,3204.0
3205,3,rrrrrrrr,3209.0
3210,0,gggGGGGr,3214.0
3215,1,yyyyyyyr,3217.0
3220,2,rrrrrrrG,3222.0
3225,3,rrrrrrrr,3227.0
3230,0,gggGGGGr,3232.0
3235,2,rrrrrrrG,3240.0
3240,3,rrrrrrrr,3245.0
3245,0,gggGGGGr,3250.0
3250,0,gggGGGGr,3252.0
3255,0,gggGGGGr,3256.0
3260,1,yyyyyyyr,3263.0
3265,2,rrrrrrrG,3268.0
3270,3,rrrrrrrr,3273.0
3275,0,gggGGGGr,3278.0
3280,1,yyyyyyyr,3281.0
3285,2,rrrrrrrG,3286.0
3290,3,rrrrrrrr,3291.0
3295,0,gggGGGGr,3296.0
3300,2,rrrrrrrG,3304.0
3305,3,rrrrrrrr,3309.0
3310,0,gggGGGGr,3314.0
3315,1,yyyyyyyr,3317.0
3320,2,rrrrrrrG,3322.0
3325,3,rrrrrrrr,3327.0
3330,0,gggGGGGr,3332.0
3335,2,rrrrrrrG,3340.0
3340,3,rrrrrrrr,3345.0
3345,0,gggGGGGr,3350.0
3350,1,yyyyyyyr,3353.0
3355,2,rrrrrrrG,3358.0
3360,3,rrrrrrrr,3363.0
3365,0,gggGGGGr,3368.0
3370,1,yyyyyyyr,3371.0
3375,2,rrrrrrrG,3376.0
3380,3,rrrrrrrr,3381.0
3385,0,gggGGGGr,3386.0
3390,0,gggGGGGr,3392.0
3395,0,gggGGGGr,3396.0
3400,1,yyyyyyyr,3403.0
3405,2,rrrrrrrG,3408.0
3410,3,rrrrrrrr,3413.0
3415,0,gggGGGGr,3418.0
3420,0,gggGGGGr,3422.0
3425,0,gggGGGGr,3426.0
3430,1,yyyyyyyr,3431.0
3435,2,rrrrrrrG,3436.0
3440,3,rrrrrrrr,3441.0
3445,0,gggGGGGr,3446.0
3450,2,rrrrrrrG,3454.0
3455,3,rrrrrrrr,3459.0
3460,0,gggGGGGr,3464.0
3465,1,yyyyyyyr,3467.0
3470,2,rrrrrrrG,3472.0
3475,3,rrrrrrrr,3477.0
3480,0,gggGGGGr,3482.0
3485,2,rrrrrrrG,3490.0
3490,3,rrrrrrrr,3495.0
3495,0,gggGGGGr,3500.0
3500,0,gggGGGGr,3501.0
3505,2,rrrrrrrG,3510.0
3510,3,rrrrrrrr,3515.0
3515,0,gggGGGGr,3520.0
3520,1,yyyyyyyr,3523.0
3525,2,rrrrrrrG,3528.0
3530,3,rrrrrrrr,3533.0
3535,0,gggGGGGr,3538.0
3540,1,yyyyyyyr,3541.0
3545,2,rrrrrrrG,3546.0
3550,3,rrrrrrrr,3551.0
3555,0,gggGGGGr,3556.0
3560,2,rrrrrrrG,3564.0
3565,3,rrrrrrrr,3569.0
3570,0,gggGGGGr,3574.0
3575,1,yyyyyyyr,3577.0
3580,2,rrrrrrrG,3582.0
3585,3,rrrrrrrr,3587.0
3590,0,gggGGGGr,3592.0
3595,2,rrrrrrrG,3600.0
3600,3,rrrrrrrr,3605.0
3605,0,gggGGGGr,3610.0
3610,1,yyyyyyyr,3613.0
3615,2,rrrrrrrG,3618.0
3620,3,rrrrrrrr,3623.0
3625,0,gggGGGGr,3628.0
3630,1,yyyyyyyr,3631.0
3635,2,rrrrrrrG,3636.0
3640,3,rrrrrrrr,3641.0
3645,0,gggGGGGr,3646.0
3650,2,rrrrrrrG,3654.0
3655,3,rrrrrrrr,3659.0
3660,0,gggGGGGr,3664.0
3665,0,gggGGGGr,3666.0
3670,2,rrrrrrrG,3675.0
3675,3,rrrrrrrr,3680.0
3680,0,gggGGGGr,3685.0
3685,1,yyyyyyyr,3688.0
3690,2,rrrrrrrG,3693.0
3695,3,rrrrrrrr,3698.0
3700,0,gggGGGGr,3703.0
3705,1,yyyyyyyr,3706.0
3710,2,rrrrrrrG,3711.0
3715,3,rrrrrrrr,3716.0
3720,0,gggGGGGr,3721.0
3725,2,rrrrrrrG,3729.0
3730,3,rrrrrrrr,3734.0
3735,0,gggGGGGr,3739.0
3740,1,yyyyyyyr,3742.0
3745,2,rrrrrrrG,3747.0
3750,3,rrrrrrrr,3752.0
3755,0,gggGGGGr,3757.0
3760,1,yyyyyyyr,3763.0
3765,2,rrrrrrrG,3768.0
3770,3,rrrrrrrr,3773.0
3775,0,gggGGGGr,3778.0
3780,1,yyyyyyyr,3781.0
3785,2,rrrrrrrG,3786.0
3790,3,rrrrrrrr,3791.0
3795,0,gggGGGGr,3796.0
3800,2,rrrrrrrG,3804.0
3805,3,rrrrrrrr,3809.0
3810,0,gggGGGGr,3814.0
3815,1,yyyyyyyr,3817.0
3820,2,rrrrrrrG,3822.0
3825,3,rrrrrrrr,3827.0
3830,0,gggGGGGr,3832.0
3835,2,rrrrrrrG,3840.0
3840,3,rrrrrrrr,3845.0
3845,0,gggGGGGr,3850.0
3850,1,yyyyyyyr,3853.0
3855,2,rrrrrrrG,3858.0
3860,3,rrrrrrrr,3863.0
3865,0,gggGGGGr,3868.0
3870,1,yyyyyyyr,3871.0
3875,2,rrrrrrrG,3876.0
3880,3,rrrrrrrr,3881.0
3885,0,gggGGGGr,3886.0
3890,2,rrrrrrrG,3894.0
3895,3,rrrrrrrr,3899.0
3900,0,gggGGGGr,3904.0
3905,1,yyyyyyyr,3907.0
3910,2,rrrrrrrG,3912.0
3915,3,rrrrrrrr,3917.0
3920,0,gggGGGGr,3922.0
3925,0,gggGGGGr,3926.0
3930,0,gggGGGGr,3932.0
3935,1,yyyyyyyr,3938.0
3940,2,rrrrrrrG,3943.0
3945,3,rrrrrrrr,3948.0
3950,0,gggGGGGr,3953.0
3955,1,yyyyyyyr,3956.0
3960,2,rrrrrrrG,3961.0
3965,3,rrrrrrrr,3966.0
3970,0,gggGGGGr,3971.0
3975,2,rrrrrrrG,3979.0
3980,3,rrrrrrrr,3984.0
3985,0,gggGGGGr,3989.0
3990,1,yyyyyyyr,3992.0
3995,2,rrrrrrrG,3997.0
4000,3,rrrrrrrr,4002.0
4005,0,gggGGGGr,4007.0
4010,2,rrrrrrrG,4015.0
4015,3,rrrrrrrr,4020.0
4020,0,gggGGGGr,4025.0
4025,1,yyyyyyyr,4028.0
4030,2,rrrrrrrG,4033.0
4035,3,rrrrrrrr,4038.0
4040,0,gggGGGGr,4043.0
4045,1,yyyyyyyr,4046.0
4050,2,rrrrrrrG,4051.0
4055,3,rrrrrrrr,4056.0
4060,0,gggGGGGr,4061.0
4065,2,rrrrrrrG,4069.0
4070,3,rrrrrrrr,4074.0
4075,0,gggGGGGr,4079.0
4080,1,yyyyyyyr,4082.0
4085,2,rrrrrrrG,4087.0
4090,3,rrrrrrrr,4092.0
4095,0,gggGGGGr,4097.0
4100,0,gggGGGGr,4101.0
4105,1,yyyyyyyr,4106.0
4110,2,rrrrrrrG,4111.0
4115,3,rrrrrrrr,4116.0
4120,0,gggGGGGr,4121.0
4125,2,rrrrrrrG,4129.0
4130,3,rrrrrrrr,4134.0
4135,0,gggGGGGr,4139.0
4140,1,yyyyyyyr,4142.0
4145,2,rrrrrrrG,4147.0
4150,3,rrrrrrrr,4152.0
4155,0,gggGGGGr,4157.0
4160,2,rrrrrrrG,4165.0
4165,3,rrrrrrrr,4170.0
4170,0,gggGGGGr,4175.0
4175,0,gggGGGGr,4177.0
4180,1,yyyyyyyr,4182.0
4185,2,rrrrrrrG,4187.0
4190,3,rrrrrrrr,4192.0
4195,0,gggGGGGr,4197.0
4200,2,rrrrrrrG,4205.0
4205,3,rrrrrrrr,4210.0
4210,0,gggGGGGr,4215.0
4215,1,yyyyyyyr,4218.0
4220,2,rrrrrrrG,4223.0
4225,3,rrrrrrrr,4228.0
4230,0,gggGGGGr,4233.0
4235,1,yyyyyyyr,4236.0
4240,2,rrrrrrrG,4241.0
4245,3,rrrrrrrr,4246.0
4250,0,gggGGGGr,4251.0
4255,2,rrrrrrrG,4259.0
4260,3,rrrrrrrr,4264.0
4265,0,gggGGGGr,4269.0
4270,0,gggGGGGr,4271.0
4275,1,yyyyyyyr,4277.0
4280,2,rrrrrrrG,4282.0
4285,3,rrrrrrrr,4287.0
4290,0,gggGGGGr,4292.0
4295,2,rrrrrrrG,4300.0
4300,3,rrrrrrrr,4305.0
4305,0,gggGGGGr,4310.0
4310,1,yyyyyyyr,4313.0
4315,2,rrrrrrrG,4318.0
4320,3,rrrrrrrr,4323.0
4325,0,gggGGGGr,4328.0
4330,1,yyyyyyyr,4331.0
4335,2,rrrrrrrG,4336.0
4340,3,rrrrrrrr,4341.0
4345,0,gggGGGGr,4346.0
4350,2,rrrrrrrG,4354.0
4355,3,rrrrrrrr,4359.0
4360,0,gggGGGGr,4364.0
4365,1,yyyyyyyr,4367.0
4370,2,rrrrrrrG,4372.0
4375,3,rrrrrrrr,4377.0
4380,0,gggGGGGr,4382.0
4385,1,yyyyyyyr,4387.0
4390,2,rrrrrrrG,4392.0
4395,3,rrrrrrrr,4397.0
4400,0,gggGGGGr,4402.0
4405,2,rrrrrrrG,4410.0
4410,3,rrrrrrrr,4415.0
4415,0,gggGGGGr,4420.0
4420,1,yyyyyyyr,4423.0
4425,2,rrrrrrrG,4428.0
4430,3,rrrrrrrr,4433.0
4435,0,gggGGGGr,4438.0
4440,1,yyyyyyyr,4441.0
4445,2,rrrrrrrG,4446.0
4450,3,rrrrrrrr,4451.0
4455,0,gggGGGGr,4456.0
4460,2,rrrrrrrG,4464.0
4465,3,rrrrrrrr,4469.0
4470,0,gggGGGGr,4474.0
4475,1,yyyyyyyr,4477.0
4480,2,rrrrrrrG,4482.0
4485,3,rrrrrrrr,4487.0
4490,0,gggGGGGr,4492.0
4495,2,rrrrrrrG,4500.0
4500,3,rrrrrrrr,4505.0
4505,0,gggGGGGr,4510.0
4510,1,yyyyyyyr,4513.0
4515,2,rrrrrrrG,4518.0
4520,3,rrrrrrrr,4523.0
4525,0,gggGGGGr,4528.0
4530,1,yyyyyyyr,4531.0
4535,2,rrrrrrrG,4536.0
4540,3,rrrrrrrr,4541.0
4545,0,gggGGGGr,4546.0
4550,2,rrrrrrrG,4554.0
4555,3,rrrrrrrr,4559.0
4560,0,gggGGGGr,4564.0
4565,1,yyyyyyyr,4567.0
4570,2,rrrrrrrG,4572.0
4575,3,rrrrrrrr,4577.0
4580,0,gggGGGGr,4582.0
4585,2,rrrrrrrG,4590.0
4590,3,rrrrrrrr,4595.0
4595,0,gggGGGGr,4600.0
4600,1,yyyyyyyr,4603.0
4605,2,rrrrrrrG,4608.0
4610,3,rrrrrrrr,4613.0
4615,0,gggGGGGr,4618.0
4620,1,yyyyyyyr,4621.0
4625,2,rrrrrrrG,4626.0
4630,3,rrrrrrrr,4631.0
4635,0,gggGGGGr,4636.0
4640,2,rrrrrrrG,4644.0
4645,3,rrrrrrrr,4649.0
4650,0,gggGGGGr,4654.0
4655,1,yyyyyyyr,4657.0
4660,2,rrrrrrrG,4662.0
4665,3,rrrrrrrr,4667.0
4670,0,gggGGGGr,4672.0
4675,2,rrrrrrrG,4680.0
4680,3,rrrrrrrr,4685.0
4685,0,gggGGGGr,4690.0
4690,1,yyyyyyyr,4693.0
4695,2,rrrrrrrG,4698.0
4700,3,rrrrrrrr,4703.0
4705,0,gggGGGGr,4708.0
4710,1,yyyyyyyr,4711.0
4715,2,rrrrrrrG,4716.0
4720,3,rrrrrrrr,4721.0
4725,0,gggGGGGr,4726.0
4730,2,rrrrrrrG,4734.0
4735,3,rrrrrrrr,4739.0
4740,0,gggGGGGr,4744.0
4745,1,yyyyyyyr,4747.0
4750,2,rrrrrrrG,4752.0
4755,3,rrrrrrrr,4757.0
4760,0,gggGGGGr,4762.0
4765,2,rrrrrrrG,4770.0
4770,3,rrrrrrrr,4775.0
4775,0,gggGGGGr,4780.0
4780,1,yyyyyyyr,4783.0
4785,2,rrrrrrrG,4788.0
4790,3,rrrrrrrr,4793.0
4795,0,gggGGGGr,4798.0
4800,1,yyyyyyyr,4801.0
4805,2,rrrrrrrG,4806.0
4810,3,rrrrrrrr,4811.0
4815,0,gggGGGGr,4816.0
4820,2,rrrrrrrG,4824.0
4825,3,rrrrrrrr,4829.0
4830,0,gggGGGGr,4834.0
4835,1,yyyyyyyr,4837.0
4840,2,rrrrrrrG,4842.0
4845,3,rrrrrrrr,4847.0
4850,0,gggGGGGr,4852.0
4855,2,rrrrrrrG,4860.0
4860,3,rrrrrrrr,4865.0
4865,0,gggGGGGr,4870.0
4870,1,yyyyyyyr,4873.0
4875,2,rrrrrrrG,4878.0
4880,3,rrrrrrrr,4883.0
4885,0,gggGGGGr,4888.0
4890,1,yyyyyyyr,4891.0
4895,2,rrrrrrrG,4896.0
4900,3,rrrrrrrr,4901.0
4905,0,gggGGGGr,4906.0
4910,2,rrrrrrrG,4914.0
4915,3,rrrrrrrr,4919.0
4920,0,gggGGGGr,4924.0
4925,1,yyyyyyyr,4927.0
4930,2,rrrrrrrG,4932.0
4935,3,rrrrrrrr,4937.0
4940,0,gggGGGGr,4942.0
4945,2,rrrrrrrG,4950.0
4950,3,rrrrrrrr,4955.0
4955,0,gggGGGGr,4960.0
4960,1,yyyyyyyr,4963.0
4965,2,rrrrrrrG,4968.0
4970,3,rrrrrrrr,4973.0
4975,0,gggGGGGr,4978.0
4980,1,yyyyyyyr,4981.0
4985,2,rrrrrrrG,4986.0
4990,3,rrrrrrrr,4991.0
4995,0,gggGGGGr,4996.0
5000,2,rrrrrrrG,5004.0
5005,3,rrrrrrrr,5009.0
5010,0,gggGGGGr,5014.0
5015,1,yyyyyyyr,5017.0
5020,2,rrrrrrrG,5022.0
5025,3,rrrrrrrr,5027.0
5030,0,gggGGGGr,5032.0
5035,2,rrrrrrrG,5040.0
5040,3,rrrrrrrr,5045.0
5045,0,gggGGGGr,5050.0
5050,1,yyyyyyyr,5053.0
5055,2,rrrrrrrG,5058.0
5060,3,rrrrrrrr,5063.0
5065,0,gggGGGGr,5068.0
5070,1,yyyyyyyr,5071.0
5075,2,rrrrrrrG,5076.0
5080,3,rrrrrrrr,5081.0
5085,0,gggGGGGr,5086.0
5090,2,rrrrrrrG,5094.0
5095,3,rrrrrrrr,5099.0
5100,0,gggGGGGr,5104.0
5105,1,yyyyyyyr,5107.0
5110,2,rrrrrrrG,5112.0
5115,3,rrrrrrrr,5117.0
5120,0,gggGGGGr,5122.0
5125,1,yyyyyyyr,5127.0
5130,2,rrrrrrrG,5132.0
5135,3,rrrrrrrr,5137.0
5140,0,gggGGGGr,5142.0
5145,2,rrrrrrrG,5150.0
5150,3,rrrrrrrr,5155.0
5155,0,gggGGGGr,5160.0
5160,1,yyyyyyyr,5163.0
5165,2,rrrrrrrG,5168.0
5170,3,rrrrrrrr,5173.0
5175,0,gggGGGGr,5178.0
5180,1,yyyyyyyr,5181.0
5185,2,rrrrrrrG,5186.0
5190,3,rrrrrrrr,5191.0
5195,0,gggGGGGr,5196.0
5200,1,yyyyyyyr,5201.0
5205,2,rrrrrrrG,5206.0
5210,3,rrrrrrrr,5211.0
5215,0,gggGGGGr,5216.0
5220,2,rrrrrrrG,5224.0
5225,3,rrrrrrrr,5229.0
5230,0,gggGGGGr,5234.0
5235,1,yyyyyyyr,5237.0
5240,2,rrrrrrrG,5242.0
5245,3,rrrrrrrr,5247.0
5250,0,gggGGGGr,5252.0
5255,2,rrrrrrrG,5260.0
5260,3,rrrrrrrr,5265.0
5265,0,gggGGGGr,5270.0
5270,1,yyyyyyyr,5273.0
5275,2,rrrrrrrG,5278.0
5280,3,rrrrrrrr,5283.0
5285,0,gggGGGGr,5288.0
5290,1,yyyyyyyr,5291.0
5295,2,rrrrrrrG,5296.0
5300,3,rrrrrrrr,5301.0
5305,0,gggGGGGr,5306.0
5310,2,rrrrrrrG,5314.0
5315,3,rrrrrrrr,5319.0
5320,0,gggGGGGr,5324.0
5325,0,gggGGGGr,5326.0
5330,2,rrrrrrrG,5335.0
5335,3,rrrrrrrr,5340.0
5340,0,gggGGGGr,5345.0
5345,1,yyyyyyyr,5348.0
5350,2,rrrrrrrG,5353.0
5355,3,rrrrrrrr,5358.0
5360,0,gggGGGGr,5363.0
5365,1,yyyyyyyr,5366.0
5370,2,rrrrrrrG,5371.0
5375,3,rrrrrrrr,5376.0
5380,0,gggGGGGr,5381.0
5385,2,rrrrrrrG,5389.0
5390,3,rrrrrrrr,5394.0
5395,0,gggGGGGr,5399.0
5400,1,yyyyyyyr,5402.0
5405,2,rrrrrrrG,5407.0
5410,3,rrrrrrrr,5412.0
5415,0,gggGGGGr,5417.0
5420,2,rrrrrrrG,5425.0
5425,3,rrrrrrrr,5430.0
5430,0,gggGGGGr,5435.0
5435,1,yyyyyyyr,5438.0
5440,2,rrrrrrrG,5443.0
5445,3,rrrrrrrr,5448.0
5450,0,gggGGGGr,5453.0
5455,1,yyyyyyyr,5456.0
5460,2,rrrrrrrG,5461.0
5465,3,rrrrrrrr,5466.0
5470,0,gggGGGGr,5471.0
5475,2,rrrrrrrG,5479.0
5480,3,rrrrrrrr,5484.0
5485,0,gggGGGGr,5489.0
5490,1,yyyyyyyr,5492.0
5495,2,rrrrrrrG,5497.0
5500,3,rrrrrrrr,5502.0
5505,0,gggGGGGr,5507.0
5510,2,rrrrrrrG,5515.0
5515,3,rrrrrrrr,5520.0
5520,0,gggGGGGr,5525.0
5525,1,yyyyyyyr,5528.0
5530,2,rrrrrrrG,5533.0
5535,3,rrrrrrrr,5538.0
5540,0,gggGGGGr,5543.0
5545,1,yyyyyyyr,5546.0
5550,2,rrrrrrrG,5551.0
5555,3,rrrrrrrr,5556.0
5560,0,gggGGGGr,5561.0
5565,1,yyyyyyyr,5566.0
5570,2,rrrrrrrG,5571.0
5575,3,rrrrrrrr,5576.0
5580,0,gggGGGGr,5581.0
5585,2,rrrrrrrG,5589.0
5590,3,rrrrrrrr,5594.0
5595,0,gggGGGGr,5599.0
5600,1,yyyyyyyr,5602.0
5605,2,rrrrrrrG,5607.0
5610,3,rrrrrrrr,5612.0
5615,0,gggGGGGr,5617.0
5620,2,rrrrrrrG,5625.0
5625,3,rrrrrrrr,5630.0
5630,0,gggGGGGr,5635.0
5635,1,yyyyyyyr,5638.0
5640,2,rrrrrrrG,5643.0
5645,3,rrrrrrrr,5648.0
5650,0,gggGGGGr,5653.0
5655,1,yyyyyyyr,5656.0
5660,2,rrrrrrrG,5661.0
5665,3,rrrrrrrr,5666.0
5670,0,gggGGGGr,5671.0
5675,0,gggGGGGr,5676.0
5680,2,rrrrrrrG,5684.0
5685,3,rrrrrrrr,5689.0
5690,0,gggGGGGr,5694.0
5695,1,yyyyyyyr,5697.0
5700,2,rrrrrrrG,5702.0
5705,3,rrrrrrrr,5707.0
5710,0,gggGGGGr,5712.0
5715,2,rrrrrrrG,5720.0
5720,3,rrrrrrrr,5725.0
5725,0,gggGGGGr,5730.0
5730,1,yyyyyyyr,5733.0
5735,2,rrrrrrrG,5738.0
5740,3,rrrrrrrr,5743.0
5745,0,gggGGGGr,5748.0
5750,1,yyyyyyyr,5751.0
5755,2,rrrrrrrG,5756.0
5760,3,rrrrrrrr,5761.0
5765,0,gggGGGGr,5766.0
5770,2,rrrrrrrG,5774.0
5775,3,rrrrrrrr,5779.0
5780,0,gggGGGGr,5784.0
5785,1,yyyyyyyr,5787.0
5790,2,rrrrrrrG,5792.0
5795,3,rrrrrrrr,5797.0
5800,0,gggGGGGr,5802.0
5805,2,rrrrrrrG,5810.0
5810,3,rrrrrrrr,5815.0
5815,0,gggGGGGr,5820.0
5820,1,yyyyyyyr,5823.0
5825,2,rrrrrrrG,5828.0
5830,3,rrrrrrrr,5833.0
5835,0,gggGGGGr,5838.0
5840,1,yyyyyyyr,5841.0
5845,2,rrrrrrrG,5846.0
5850,3,rrrrrrrr,5851.0
5855,0,gggGGGGr,5856.0
5860,2,rrrrrrrG,5864.0
5865,3,rrrrrrrr,5869.0
5870,0,gggGGGGr,5874.0
5875,1,yyyyyyyr,5877.0
5880,2,rrrrrrrG,5882.0
5885,3,rrrrrrrr,5887.0
5890,0,gggGGGGr,5892.0
5895,2,rrrrrrrG,5900.0
5900,3,rrrrrrrr,5905.0
5905,0,gggGGGGr,5910.0
5910,1,yyyyyyyr,5913.0
5915,2,rrrrrrrG,5918.0
5920,3,rrrrrrrr,5923.0
5925,0,gggGGGGr,5928.0
5930,1,yyyyyyyr,5931.0
5935,2,rrrrrrrG,5936.0
5940,3,rrrrrrrr,5941.0
5945,0,gggGGGGr,5946.0
5950,2,rrrrrrrG,5954.0
5955,3,rrrrrrrr,5959.0
5960,0,gggGGGGr,5964.0
5965,1,yyyyyyyr,5967.0
5970,2,rrrrrrrG,5972.0
5975,3,rrrrrrrr,5977.0
5980,0,gggGGGGr,5982.0
5985,2,rrrrrrrG,5990.0
5990,3,rrrrrrrr,5995.0
5995,0,gggGGGGr,6000.0
6000,1,yyyyyyyr,6003.0
6005,2,rrrrrrrG,6008.0
6010,3,rrrrrrrr,6013.0
6015,0,gggGGGGr,6018.0
6020,1,yyyyyyyr,6021.0
6025,2,rrrrrrrG,6026.0
6030,3,rrrrrrrr,6031.0
6035,0,gggGGGGr,6036.0
6040,2,rrrrrrrG,6044.0
6045,3,rrrrrrrr,6049.0
6050,0,gggGGGGr,6054.0
6055,1,yyyyyyyr,6057.0
6060,2,rrrrrrrG,6062.0
6065,3,rrrrrrrr,6067.0
6070,0,gggGGGGr,6072.0
6075,2,rrrrrrrG,6080.0
6080,3,rrrrrrrr,6085.0
6085,0,gggGGGGr,6090.0
6090,1,yyyyyyyr,6093.0
6095,2,rrrrrrrG,6098.0
6100,3,rrrrrrrr,6103.0
6105,0,gggGGGGr,6108.0
6110,1,yyyyyyyr,6111.0
6115,2,rrrrrrrG,6116.0
6120,3,rrrrrrrr,6121.0
6125,0,gggGGGGr,6126.0
6130,2,rrrrrrrG,6134.0
6135,3,rrrrrrrr,6139.0
6140,0,gggGGGGr,6144.0
6145,1,yyyyyyyr,6147.0
6150,2,rrrrrrrG,6152.0
6155,3,rrrrrrrr,6157.0
6160,0,gggGGGGr,6162.0
6165,2,rrrrrrrG,6170.0
6170,3,rrrrrrrr,6175.0
6175,0,gggGGGGr,6180.0
6180,1,yyyyyyyr,6183.0
6185,2,rrrrrrrG,6188.0
6190,3,rrrrrrrr,6193.0
6195,0,gggGGGGr,6198.0
6200,1,yyyyyyyr,6201.0
6205,2,rrrrrrrG,6206.0
6210,3,rrrrrrrr,6211.0
6215,0,gggGGGGr,6216.0
6220,2,rrrrrrrG,6224.0
6225,3,rrrrrrrr,6229.0
6230,0,gggGGGGr,6234.0
6235,1,yyyyyyyr,6237.0
6240,2,rrrrrrrG,6242.0
6245,3,rrrrrrrr,6247.0
6250,0,gggGGGGr,6252.0
6255,2,rrrrrrrG,6260.0
6260,3,rrrrrrrr,6265.0
6265,0,gggGGGGr,6270.0
6270,1,yyyyyyyr,6273.0
6275,2,rrrrrrrG,6278.0
6280,3,rrrrrrrr,6283.0
6285,0,gggGGGGr,6288.0
6290,1,yyyyyyyr,6291.0
6295,2,rrrrrrrG,6296.0
6300,3,rrrrrrrr,6301.0
6305,0,gggGGGGr,6306.0
6310,2,rrrrrrrG,6314.0
6315,3,rrrrrrrr,6319.0
6320,0,gggGGGGr,6324.0
6325,1,yyyyyyyr,6327.0
6330,2,rrrrrrrG,6332.0
6335,3,rrrrrrrr,6337.0
6340,0,gggGGGGr,6342.0
6345,2,rrrrrrrG,6350.0
6350,3,rrrrrrrr,6355.0
6355,0,gggGGGGr,6360.0
6360,1,yyyyyyyr,6363.0
6365,2,rrrrrrrG,6368.0
6370,3,rrrrrrrr,6373.0
6375,0,gggGGGGr,6378.0
6380,1,yyyyyyyr,6381.0
6385,2,rrrrrrrG,6386.0
6390,3,rrrrrrrr,6391.0
6395,0,gggGGGGr,6396.0
6400,2,rrrrrrrG,6404.0
6405,3,rrrrrrrr,6409.0
6410,0,gggGGGGr,6414.0
6415,1,yyyyyyyr,6417.0
6420,2,rrrrrrrG,6422.0
6425,3,rrrrrrrr,6427.0
6430,0,gggGGGGr,6432.0
6435,2,rrrrrrrG,6440.0
6440,3,rrrrrrrr,6445.0
6445,0,gggGGGGr,6450.0
6450,1,yyyyyyyr,6453.0
6455,2,rrrrrrrG,6458.0
6460,3,rrrrrrrr,6463.0
6465,0,gggGGGGr,6468.0
6470,1,yyyyyyyr,6471.0
6475,2,rrrrrrrG,6476.0
6480,3,rrrrrrrr,6481.0
6485,0,gggGGGGr,6486.0
6490,2,rrrrrrrG,6494.0
6495,3,rrrrrrrr,6499.0
6500,0,gggGGGGr,6504.0
6505,1,yyyyyyyr,6507.0
6510,2,rrrrrrrG,6512.0
6515,3,rrrrrrrr,6517.0
6520,0,gggGGGGr,6522.0
6525,2,rrrrrrrG,6530.0
6530,3,rrrrrrrr,6535.0
6535,0,gggGGGGr,6540.0
6540,1,yyyyyyyr,6543.0
6545,2,rrrrrrrG,6548.0
6550,3,rrrrrrrr,6553.0
6555,0,gggGGGGr,6558.0
6560,1,yyyyyyyr,6561.0
6565,2,rrrrrrrG,6566.0
6570,3,rrrrrrrr,6571.0
6575,0,gggGGGGr,6576.0
6580,2,rrrrrrrG,6584.0
6585,3,rrrrrrrr,6589.0
6590,0,gggGGGGr,6594.0
6595,1,yyyyyyyr,6597.0
6600,2,rrrrrrrG,6602.0
6605,3,rrrrrrrr,6607.0
6610,0,gggGGGGr,6612.0
6615,2,rrrrrrrG,6620.0
6620,3,rrrrrrrr,6625.0
6625,0,gggGGGGr,6630.0
6630,1,yyyyyyyr,6633.0
6635,2,rrrrrrrG,6638.0
6640,3,rrrrrrrr,6643.0
6645,0,gggGGGGr,6648.0
6650,1,yyyyyyyr,6651.0
6655,2,rrrrrrrG,6656.0
6660,3,rrrrrrrr,6661.0
6665,0,gggGGGGr,6666.0
6670,2,rrrrrrrG,6674.0
6675,3,rrrrrrrr,6679.0
6680,0,gggGGGGr,6684.0
6685,1,yyyyyyyr,6687.0
6690,2,rrrrrrrG,6692.0
6695,3,rrrrrrrr,6697.0
6700,0,gggGGGGr,6702.0
6705,2,rrrrrrrG,6710.0
6710,3,rrrrrrrr,6715.0
6715,0,gggGGGGr,6720.0
6720,1,yyyyyyyr,6723.0
6725,2,rrrrrrrG,6728.0
6730,3,rrrrrrrr,6733.0
6735,0,gggGGGGr,6738.0
6740,1,yyyyyyyr,6741.0
6745,2,rrrrrrrG,6746.0
6750,3,rrrrrrrr,6751.0
6755,0,gggGGGGr,6756.0
6760,2,rrrrrrrG,6764.0
6765,3,rrrrrrrr,6769.0
6770,0,gggGGGGr,6774.0
6775,1,yyyyyyyr,6777.0
6780,2,rrrrrrrG,6782.0
6785,3,rrrrrrrr,6787.0
6790,0,gggGGGGr,6792.0
6795,2,rrrrrrrG,6800.0
6800,3,rrrrrrrr,6805.0
6805,0,gggGGGGr,6810.0
6810,1,yyyyyyyr,6813.0
6815,2,rrrrrrrG,6818.0
6820,3,rrrrrrrr,6823.0
6825,0,gggGGGGr,6828.0
6830,1,yyyyyyyr,6831.0
6835,2,rrrrrrrG,6836.0
6840,3,rrrrrrrr,6841.0
6845,0,gggGGGGr,6846.0
6850,2,rrrrrrrG,6854.0
6855,3,rrrrrrrr,6859.0
6860,0,gggGGGGr,6864.0
6865,1,yyyyyyyr,6867.0
6870,2,rrrrrrrG,6872.0
6875,3,rrrrrrrr,6877.0
6880,0,gggGGGGr,6882.0
6885,2,rrrrrrrG,6890.0
6890,3,rrrrrrrr,6895.0
6895,0,gggGGGGr,6900.0
6900,1,yyyyyyyr,6903.0
6905,2,rrrrrrrG,6908.0
6910,3,rrrrrrrr,6913.0
6915,0,gggGGGGr,6918.0
6920,1,yyyyyyyr,6921.0
6925,2,rrrrrrrG,6926.0
6930,3,rrrrrrrr,6931.0
6935,0,gggGGGGr,6936.0
6940,2,rrrrrrrG,6944.0
6945,3,rrrrrrrr,6949.0
6950,0,gggGGGGr,6954.0
6955,1,yyyyyyyr,6957.0
6960,2,rrrrrrrG,6962.0
6965,3,rrrrrrrr,6967.0
6970,0,gggGGGGr,6972.0
6975,2,rrrrrrrG,6980.0
6980,3,rrrrrrrr,6985.0
6985,0,gggGGGGr,6990.0
6990,1,yyyyyyyr,6993.0
6995,2,rrrrrrrG,6998.0
7000,3,rrrrrrrr,7003.0
7005,0,gggGGGGr,7008.0
7010,1,yyyyyyyr,7011.0
7015,2,rrrrrrrG,7016.0
7020,3,rrrrrrrr,7021.0
7025,0,gggGGGGr,7026.0
7030,2,rrrrrrrG,7034.0
7035,3,rrrrrrrr,7039.0
7040,0,gggGGGGr,7044.0
7045,1,yyyyyyyr,7047.0
7050,2,rrrrrrrG,7052.0
7055,3,rrrrrrrr,7057.0
7060,0,gggGGGGr,7062.0
7065,2,rrrrrrrG,7070.0
7070,3,rrrrrrrr,7075.0
7075,0,gggGGGGr,7080.0
7080,1,yyyyyyyr,7083.0
7085,2,rrrrrrrG,7088.0
7090,3,rrrrrrrr,7093.0
7095,0,gggGGGGr,7098.0
7100,1,yyyyyyyr,7101.0
7105,2,rrrrrrrG,7106.0
7110,3,rrrrrrrr,7111.0
7115,0,gggGGGGr,7116.0
7120,2,rrrrrrrG,7124.0
7125,3,rrrrrrrr,7129.0
7130,0,gggGGGGr,7134.0
7135,1,yyyyyyyr,7137.0
7140,2,rrrrrrrG,7142.0
7145,3,rrrrrrrr,7147.0
7150,0,gggGGGGr,7152.0
7155,2,rrrrrrrG,7160.0
7160,3,rrrrrrrr,7165.0
7165,0,gggGGGGr,7170.0
7170,1,yyyyyyyr,7173.0
7175,2,rrrrrrrG,7178.0
7180,3,rrrrrrrr,7183.0
7185,0,gggGGGGr,7188.0
7190,1,yyyyyyyr,7191.0
7195,2,rrrrrrrG,7196.0
7200,3,rrrrrrrr,7201.0
7205,0,gggGGGGr,7206.0
7210,2,rrrrrrrG,7214.0
7215,3,rrrrrrrr,7219.0
7220,0,gggGGGGr,7224.0
7225,1,yyyyyyyr,7227.0
7230,2,rrrrrrrG,7232.0
7235,3,rrrrrrrr,7237.0
7240,0,gggGGGGr,7242.0
7245,2,rrrrrrrG,7250.0
7250,3,rrrrrrrr,7255.0
7255,0,gggGGGGr,7260.0
7260,1,yyyyyyyr,7263.0
7265,2,rrrrrrrG,7268.0
7270,3,rrrrrrrr,7273.0
7275,0,gggGGGGr,7278.0
7280,1,yyyyyyyr,7281.0
7285,2,rrrrrrrG,7286.0
7290,3,rrrrrrrr,7291.0
7295,0,gggGGGGr,7296.0
7300,2,rrrrrrrG,7304.0
7305,3,rrrrrrrr,7309.0
7310,0,gggGGGGr,7314.0
7315,1,yyyyyyyr,7317.0
7320,2,rrrrrrrG,7322.0
7325,3,rrrrrrrr,7327.0
7330,0,gggGGGGr,7332.0
7335,2,rrrrrrrG,7340.0
7340,3,rrrrrrrr,7345.0
7345,0,gggGGGGr,7350.0
7350,1,yyyyyyyr,7353.0
7355,2,rrrrrrrG,7358.0
7360,3,rrrrrrrr,7363.0
7365,0,gggGGGGr,7368.0
7370,1,yyyyyyyr,7371.0
7375,2,rrrrrrrG,7376.0
7380,3,rrrrrrrr,7381.0
7385,0,gggGGGGr,7386.0
7390,2,rrrrrrrG,7394.0
7395,3,rrrrrrrr,7399.0
7400,0,gggGGGGr,7404.0
7405,1,yyyyyyyr,7407.0
7410,2,rrrrrrrG,7412.0
7415,3,rrrrrrrr,7417.0
7420,0,gggGGGGr,7422.0
7425,2,rrrrrrrG,7430.0
7430,3,rrrrrrrr,7435.0
7435,0,gggGGGGr,7440.0
7440,1,yyyyyyyr,7443.0
7445,2,rrrrrrrG,7448.0
7450,3,rrrrrrrr,7453.0
7455,0,gggGGGGr,7458.0
7460,1,yyyyyyyr,7461.0
7465,2,rrrrrrrG,7466.0
7470,3,rrrrrrrr,7471.0
7475,0,gggGGGGr,7476.0
7480,2,rrrrrrrG,7484.0
7485,3,rrrrrrrr,7489.0
7490,0,gggGGGGr,7494.0
7495,1,yyyyyyyr,7497.0
7500,2,rrrrrrrG,7502.0
7505,3,rrrrrrrr,7507.0
7510,0,gggGGGGr,7512.0
7515,2,rrrrrrrG,7520.0
7520,3,rrrrrrrr,7525.0
7525,0,gggGGGGr,7530.0
7530,1,yyyyyyyr,7533.0
7535,2,rrrrrrrG,7538.0
7540,3,rrrrrrrr,7543.0
7545,0,gggGGGGr,7548.0
7550,1,yyyyyyyr,7551.0
7555,2,rrrrrrrG,7556.0
7560,3,rrrrrrrr,7561.0
7565,0,gggGGGGr,7566.0
7570,2,rrrrrrrG,7574.0
7575,3,rrrrrrrr,7579.0
7580,0,gggGGGGr,7584.0
7585,1,yyyyyyyr,7587.0
7590,2,rrrrrrrG,7592.0
7595,3,rrrrrrrr,7597.0
7600,0,gggGGGGr,7602.0
7605,2,rrrrrrrG,7610.0
7610,3,rrrrrrrr,7615.0
7615,0,gggGGGGr,7620.0
7620,1,yyyyyyyr,7623.0
7625,2,rrrrrrrG,7628.0
7630,3,rrrrrrrr,7633.0
7635,0,gggGGGGr,7638.0
7640,1,yyyyyyyr,7641.0
7645,2,rrrrrrrG,7646.0
7650,3,rrrrrrrr,7651.0
7655,0,gggGGGGr,7656.0
7660,2,rrrrrrrG,7664.0
7665,3,rrrrrrrr,7669.0
7670,0,gggGGGGr,7674.0
7675,1,yyyyyyyr,7677.0
7680,2,rrrrrrrG,7682.0
7685,3,rrrrrrrr,7687.0
7690,0,gggGGGGr,7692.0
7695,2,rrrrrrrG,7700.0
7700,3,rrrrrrrr,7705.0
7705,0,gggGGGGr,7710.0
7710,1,yyyyyyyr,7713.0
7715,2,rrrrrrrG,7718.0
7720,3,rrrrrrrr,7723.0
7725,0,gggGGGGr,7728.0
7730,1,yyyyyyyr,7731.0
7735,2,rrrrrrrG,7736.0
7740,3,rrrrrrrr,7741.0
7745,0,gggGGGGr,7746.0
7750,2,rrrrrrrG,7754.0
7755,3,rrrrrrrr,7759.0
7760,0,gggGGGGr,7764.0
7765,1,yyyyyyyr,7767.0
7770,2,rrrrrrrG,7772.0
7775,3,rrrrrrrr,7777.0
7780,0,gggGGGGr,7782.0
7785,2,rrrrrrrG,7790.0
7790,3,rrrrrrrr,7795.0
7795,0,gggGGGGr,7800.0
7800,1,yyyyyyyr,7803.0
7805,2,rrrrrrrG,7808.0
7810,3,rrrrrrrr,7813.0
7815,0,gggGGGGr,7818.0
7820,1,yyyyyyyr,7821.0
7825,2,rrrrrrrG,7826.0
7830,3,rrrrrrrr,7831.0
7835,0,gggGGGGr,7836.0
7840,2,rrrrrrrG,7844.0
7845,3,rrrrrrrr,7849.0
7850,0,gggGGGGr,7854.0
7855,1,yyyyyyyr,7857.0
7860,2,rrrrrrrG,7862.0
7865,3,rrrrrrrr,7867.0
7870,0,gggGGGGr,7872.0
7875,2,rrrrrrrG,7880.0
7880,3,rrrrrrrr,7885.0
7885,0,gggGGGGr,7890.0
7890,1,yyyyyyyr,7893.0
7895,2,rrrrrrrG,7898.0
7900,3,rrrrrrrr,7903.0
7905,0,gggGGGGr,7908.0
7910,1,yyyyyyyr,7911.0
7915,2,rrrrrrrG,7916.0
7920,3,rrrrrrrr,7921.0
7925,0,gggGGGGr,7926.0
7930,2,rrrrrrrG,7934.0
7935,3,rrrrrrrr,7939.0
7940,0,gggGGGGr,7944.0
7945,1,yyyyyyyr,7947.0
7950,2,rrrrrrrG,7952.0
7955,3,rrrrrrrr,7957.0
7960,0,gggGGGGr,7962.0
7965,2,rrrrrrrG,7970.0
7970,3,rrrrrrrr,7975.0
7975,0,gggGGGGr,7980.0
7980,1,yyyyyyyr,7983.0
7985,2,rrrrrrrG,7988.0
7990,3,rrrrrrrr,7993.0
7995,0,gggGGGGr,7998.0
8000,1,yyyyyyyr,8001.0
8005,2,rrrrrrrG,8006.0
8010,3,rrrrrrrr,8011.0
8015,0,gggGGGGr,8016.0
8020,2,rrrrrrrG,8024.0
8025,3,rrrrrrrr,8029.0
8030,0,gggGGGGr,8034.0
8035,1,yyyyyyyr,8037.0
8040,2,rrrrrrrG,8042.0
8045,3,rrrrrrrr,8047.0
8050,0,gggGGGGr,8052.0
8055,2,rrrrrrrG,8060.0
8060,3,rrrrrrrr,8065.0
8065,0,gggGGGGr,8070.0
8070,1,yyyyyyyr,8073.0
8075,2,rrrrrrrG,8078.0
8080,3,rrrrrrrr,8083.0
8085,0,gggGGGGr,8088.0
8090,1,yyyyyyyr,8091.0
8095,2,rrrrrrrG,8096.0
8100,3,rrrrrrrr,8101.0
8105,0,gggGGGGr,8106.0
8110,2,rrrrrrrG,8114.0
8115,3,rrrrrrrr,8119.0
8120,0,gggGGGGr,8124.0
8125,1,yyyyyyyr,8127.0
8130,2,rrrrrrrG,8132.0
8135,3,rrrrrrrr,8137.0
8140,0,gggGGGGr,8142.0
8145,2,rrrrrrrG,8150.0
8150,3,rrrrrrrr,8155.0
8155,0,gggGGGGr,8160.0
8160,1,yyyyyyyr,8163.0
8165,2,rrrrrrrG,8168.0
8170,3,rrrrrrrr,8173.0
8175,0,gggGGGGr,8178.0
8180,1,yyyyyyyr,8181.0
8185,2,rrrrrrrG,8186.0
8190,3,rrrrrrrr,8191.0
8195,0,gggGGGGr,8196.0
8200,2,rrrrrrrG,8204.0
8205,3,rrrrrrrr,8209.0
8210,0,gggGGGGr,8214.0
8215,1,yyyyyyyr,8217.0
8220,2,rrrrrrrG,8222.0
8225,3,rrrrrrrr,8227.0
8230,0,gggGGGGr,8232.0
8235,2,rrrrrrrG,8240.0
8240,3,rrrrrrrr,8245.0
8245,0,gggGGGGr,8250.0
8250,1,yyyyyyyr,8253.0
8255,2,rrrrrrrG,8258.0
8260,3,rrrrrrrr,8263.0
8265,0,gggGGGGr,8268.0
8270,1,yyyyyyyr,8271.0
8275,2,rrrrrrrG,8276.0
8280,3,rrrrrrrr,8281.0
8285,0,gggGGGGr,8286.0
8290,2,rrrrrrrG,8294.0
8295,3,rrrrrrrr,8299.0
8300,0,gggGGGGr,8304.0
8305,1,yyyyyyyr,8307.0
8310,2,rrrrrrrG,8312.0
8315,3,rrrrrrrr,8317.0
8320,0,gggGGGGr,8322.0
8325,2,rrrrrrrG,8330.0
8330,3,rrrrrrrr,8335.0
8335,0,gggGGGGr,8340.0
8340,1,yyyyyyyr,8343.0
8345,2,rrrrrrrG,8348.0
8350,3,rrrrrrrr,8353.0
8355,0,gggGGGGr,8358.0
8360,1,yyyyyyyr,8361.0
8365,2,rrrrrrrG,8366.0
8370,3,rrrrrrrr,8371.0
8375,0,gggGGGGr,8376.0
8380,2,rrrrrrrG,8384.0
8385,3,rrrrrrrr,8389.0
8390,0,gggGGGGr,8394.0
8395,1,yyyyyyyr,8397.0
8400,2,rrrrrrrG,8402.0
8405,3,rrrrrrrr,8407.0
8410,0,gggGGGGr,8412.0
8415,2,rrrrrrrG,8420.0
8420,3,rrrrrrrr,8425.0
8425,0,gggGGGGr,8430.0
8430,1,yyyyyyyr,8433.0
8435,2,rrrrrrrG,8438.0
8440,3,rrrrrrrr,8443.0
8445,0,gggGGGGr,8448.0
8450,1,yyyyyyyr,8451.0
8455,2,rrrrrrrG,8456.0
8460,3,rrrrrrrr,8461.0
8465,0,gggGGGGr,8466.0
8470,2,rrrrrrrG,8474.0
8475,3,rrrrrrrr,8479.0
8480,0,gggGGGGr,8484.0
8485,1,yyyyyyyr,8487.0
8490,2,rrrrrrrG,8492.0
8495,3,rrrrrrrr,8497.0
8500,0,gggGGGGr,8502.0
8505,2,rrrrrrrG,8510.0
8510,3,rrrrrrrr,8515.0
8515,0,gggGGGGr,8520.0
8520,1,yyyyyyyr,8523.0
8525,2,rrrrrrrG,8528.0
8530,3,rrrrrrrr,8533.0
8535,0,gggGGGGr,8538.0
8540,1,yyyyyyyr,8541.0
8545,2,rrrrrrrG,8546.0
8550,3,rrrrrrrr,8551.0
8555,0,gggGGGGr,8556.0
8560,2,rrrrrrrG,8564.0
8565,3,rrrrrrrr,8569.0
8570,0,gggGGGGr,8574.0
8575,1,yyyyyyyr,8577.0
8580,2,rrrrrrrG,8582.0
8585,3,rrrrrrrr,8587.0
8590,0,gggGGGGr,8592.0
8595,2,rrrrrrrG,8600.0
8600,3,rrrrrrrr,8605.0
8605,0,gggGGGGr,8610.0
8610,1,yyyyyyyr,8613.0
8615,2,rrrrrrrG,8618.0
8620,3,rrrrrrrr,8623.0
8625,0,gggGGGGr,8628.0
8630,1,yyyyyyyr,8631.0
8635,2,rrrrrrrG,8636.0
8640,3,rrrrrrrr,8641.0
8645,0,gggGGGGr,8646.0
8650,2,rrrrrrrG,8654.0
8655,3,rrrrrrrr,8659.0
8660,0,gggGGGGr,8664.0
8665,1,yyyyyyyr,8667.0
8670,2,rrrrrrrG,8672.0
8675,3,rrrrrrrr,8677.0
8680,0,gggGGGGr,8682.0
8685,2,rrrrrrrG,8690.0
8690,3,rrrrrrrr,8695.0
8695,0,gggGGGGr,8700.0
8700,1,yyyyyyyr,8703.0
8705,2,rrrrrrrG,8708.0
8710,3,rrrrrrrr,8713.0
8715,0,gggGGGGr,8718.0
8720,1,yyyyyyyr,8721.0
8725,2,rrrrrrrG,8726.0
8730,3,rrrrrrrr,8731.0
8735,0,gggGGGGr,8736.0
8740,2,rrrrrrrG,8744.0
8745,3,rrrrrrrr,8749.0
8750,0,gggGGGGr,8754.0
8755,1,yyyyyyyr,8757.0
8760,2,rrrrrrrG,8762.0
8765,3,rrrrrrrr,8767.0
8770,0,gggGGGGr,8772.0
8775,2,rrrrrrrG,8780.0
8780,3,rrrrrrrr,8785.0
8785,0,gggGGGGr,8790.0
8790,1,yyyyyyyr,8793.0
8795,2,rrrrrrrG,8798.0
8800,3,rrrrrrrr,8803.0
8805,0,gggGGGGr,8808.0
8810,1,yyyyyyyr,8811.0
8815,2,rrrrrrrG,8816.0
8820,3,rrrrrrrr,8821.0
8825,0,gggGGGGr,8826.0
8830,2,rrrrrrrG,8834.0
8835,3,rrrrrrrr,8839.0
8840,0,gggGGGGr,8844.0
8845,1,yyyyyyyr,8847.0
8850,2,rrrrrrrG,8852.0
8855,3,rrrrrrrr,8857.0
8860,0,gggGGGGr,8862.0
8865,2,rrrrrrrG,8870.0
8870,3,rrrrrrrr,8875.0
8875,0,gggGGGGr,8880.0
8880,1,yyyyyyyr,8883.0
8885,2,rrrrrrrG,8888.0
8890,3,rrrrrrrr,8893.0
8895,0,gggGGGGr,8898.0
8900,1,yyyyyyyr,8901.0
8905,2,rrrrrrrG,8906.0
8910,3,rrrrrrrr,8911.0
8915,0,gggGGGGr,8916.0
8920,2,rrrrrrrG,8924.0
8925,3,rrrrrrrr,8929.0
8930,0,gggGGGGr,8934.0
8935,1,yyyyyyyr,8937.0
8940,2,rrrrrrrG,8942.0
8945,3,rrrrrrrr,8947.0
8950,0,gggGGGGr,8952.0
8955,2,rrrrrrrG,8960.0
8960,3,rrrrrrrr,8965.0
8965,0,gggGGGGr,8970.0
8970,1,yyyyyyyr,8973.0
8975,2,rrrrrrrG,8978.0
8980,3,rrrrrrrr,8983.0
8985,0,gggGGGGr,8988.0
8990,1,yyyyyyyr,8991.0
8995,2,rrrrrrrG,8996.0
9000,3,rrrrrrrr,9001.0
9005,0,gggGGGGr,9006.0
9010,2,rrrrrrrG,9014.0
9015,3,rrrrrrrr,9019.0
9020,0,gggGGGGr,9024.0
9025,1,yyyyyyyr,9027.0
9030,2,rrrrrrrG,9032.0
9035,3,rrrrrrrr,9037.0
9040,0,gggGGGGr,9042.0
9045,2,rrrrrrrG,9050.0
9050,3,rrrrrrrr,9055.0
9055,0,gggGGGGr,9060.0
9060,1,yyyyyyyr,9063.0
9065,2,rrrrrrrG,9068.0
9070,3,rrrrrrrr,9073.0
9075,0,gggGGGGr,9078.0
9080,1,yyyyyyyr,9081.0
9085,2,rrrrrrrG,9086.0
9090,3,rrrrrrrr,9091.0
9095,0,gggGGGGr,9096.0
9100,2,rrrrrrrG,9104.0
9105,3,rrrrrrrr,9109.0
9110,0,gggGGGGr,9114.0
9115,1,yyyyyyyr,9117.0
9120,2,rrrrrrrG,9122.0
9125,3,rrrrrrrr,9127.0
9130,0,gggGGGGr,9132.0
9135,2,rrrrrrrG,9140.0
9140,3,rrrrrrrr,9145.0
9145,0,gggGGGGr,9150.0
9150,1,yyyyyyyr,9153.0
9155,2,rrrrrrrG,9158.0
9160,3,rrrrrrrr,9163.0
9165,0,gggGGGGr,9168.0
9170,1,yyyyyyyr,9171.0
9175,2,rrrrrrrG,9176.0
9180,3,rrrrrrrr,9181.0
9185,0,gggGGGGr,9186.0
9190,2,rrrrrrrG,9194.0
9195,3,rrrrrrrr,9199.0
9200,0,gggGGGGr,9204.0
9205,1,yyyyyyyr,9207.0
9210,2,rrrrrrrG,9212.0
9215,3,rrrrrrrr,9217.0
9220,0,gggGGGGr,9222.0
9225,2,rrrrrrrG,9230.0
9230,3,rrrrrrrr,9235.0
9235,0,gggGGGGr,9240.0
9240,1,yyyyyyyr,9243.0
9245,2,rrrrrrrG,9248.0
9250,3,rrrrrrrr,9253.0
9255,0,gggGGGGr,9258.0
9260,1,yyyyyyyr,9261.0
9265,2,rrrrrrrG,9266.0
9270,3,rrrrrrrr,9271.0
9275,0,gggGGGGr,9276.0
9280,2,rrrrrrrG,9284.0
9285,3,rrrrrrrr,9289.0
9290,0,gggGGGGr,9294.0
9295,1,yyyyyyyr,9297.0
9300,2,rrrrrrrG,9302.0
9305,3,rrrrrrrr,9307.0
9310,0,gggGGGGr,9312.0
9315,2,rrrrrrrG,9320.0
9320,3,rrrrrrrr,9325.0
9325,0,gggGGGGr,9330.0
9330,1,yyyyyyyr,9333.0
9335,2,rrrrrrrG,9338.0
9340,3,rrrrrrrr,9343.0
9345,0,gggGGGGr,9348.0
9350,1,yyyyyyyr,9351.0
9355,2,rrrrrrrG,9356.0
9360,3,rrrrrrrr,9361.0
9365,0,gggGGGGr,9366.0
9370,2,rrrrrrrG,9374.0
9375,3,rrrrrrrr,9379.0
9380,0,gggGGGGr,9384.0
9385,1,yyyyyyyr,9387.0
9390,2,rrrrrrrG,9392.0
9395,3,rrrrrrrr,9397.0
9400,0,gggGGGGr,9402.0
9405,2,rrrrrrrG,9410.0
9410,3,rrrrrrrr,9415.0
9415,0,gggGGGGr,9420.0
9420,1,yyyyyyyr,9423.0
9425,2,rrrrrrrG,9428.0
9430,3,rrrrrrrr,9433.0
9435,0,gggGGGGr,9438.0
9440,1,yyyyyyyr,9441.0
9445,2,rrrrrrrG,9446.0
9450,3,rrrrrrrr,9451.0
9455,0,gggGGGGr,9456.0
9460,2,rrrrrrrG,9464.0
9465,3,rrrrrrrr,9469.0
9470,0,gggGGGGr,9474.0
9475,1,yyyyyyyr,9477.0
9480,2,rrrrrrrG,9482.0
9485,3,rrrrrrrr,9487.0
9490,0,gggGGGGr,9492.0
9495,2,rrrrrrrG,9500.0
9500,3,rrrrrrrr,9505.0
9505,0,gggGGGGr,9510.0
9510,1,yyyyyyyr,9513.0
9515,2,rrrrrrrG,9518.0
9520,3,rrrrrrrr,9523.0
9525,0,gggGGGGr,9528.0
9530,1,yyyyyyyr,9531.0
9535,2,rrrrrrrG,9536.0
9540,3,rrrrrrrr,9541.0
9545,0,gggGGGGr,9546.0
9550,2,rrrrrrrG,9554.0
9555,3,rrrrrrrr,9559.0
9560,0,gggGGGGr,9564.0
9565,1,yyyyyyyr,9567.0
9570,2,rrrrrrrG,9572.0
9575,3,rrrrrrrr,9577.0
9580,0,gggGGGGr,9582.0
9585,2,rrrrrrrG,9590.0
9590,3,rrrrrrrr,9595.0
9595,0,gggGGGGr,9600.0
9600,1,yyyyyyyr,9603.0
9605,2,rrrrrrrG,9608.0
9610,3,rrrrrrrr,9613.0
9615,0,gggGGGGr,9618.0
9620,1,yyyyyyyr,9621.0
9625,2,rrrrrrrG,9626.0
9630,3,rrrrrrrr,9631.0
9635,0,gggGGGGr,9636.0
9640,2,rrrrrrrG,9644.0
9645,3,rrrrrrrr,9649.0
9650,0,gggGGGGr,9654.0
9655,1,yyyyyyyr,9657.0
9660,2,rrrrrrrG,9662.0
9665,3,rrrrrrrr,9667.0
9670,0,gggGGGGr,9672.0
9675,2,rrrrrrrG,9680.0
9680,3,rrrrrrrr,9685.0
9685,0,gggGGGGr,9690.0
9690,1,yyyyyyyr,9693.0
9695,2,rrrrrrrG,9698.0
9700,3,rrrrrrrr,9703.0
9705,0,gggGGGGr,9708.0
9710,1,yyyyyyyr,9711.0
9715,2,rrrrrrrG,9716.0
9720,3,rrrrrrrr,9721.0
9725,0,gggGGGGr,9726.0
9730,2,rrrrrrrG,9734.0
9735,3,rrrrrrrr,9739.0
9740,0,gggGGGGr,9744.0
9745,1,yyyyyyyr,9747.0
9750,2,rrrrrrrG,9752.0
9755,3,rrrrrrrr,9757.0
9760,0,gggGGGGr,9762.0
9765,2,rrrrrrrG,9770.0
9770,3,rrrrrrrr,9775.0
9775,0,gggGGGGr,9780.0
9780,1,yyyyyyyr,9783.0
9785,2,rrrrrrrG,9788.0
9790,3,rrrrrrrr,9793.0
9795,0,gggGGGGr,9798.0
9800,1,yyyyyyyr,9801.0
9805,2,rrrrrrrG,9806.0
9810,3,rrrrrrrr,9811.0
9815,0,gggGGGGr,9816.0
9820,2,rrrrrrrG,9824.0
9825,3,rrrrrrrr,9829.0
9830,0,gggGGGGr,9834.0
9835,1,yyyyyyyr,9837.0
9840,2,rrrrrrrG,9842.0
9845,3,rrrrrrrr,9847.0
9850,0,gggGGGGr,9852.0
9855,2,rrrrrrrG,9860.0
9860,3,rrrrrrrr,9865.0
9865,0,gggGGGGr,9870.0
9870,1,yyyyyyyr,9873.0
9875,2,rrrrrrrG,9878.0
9880,3,rrrrrrrr,9883.0
9885,0,gggGGGGr,9888.0
9890,1,yyyyyyyr,9891.0
9895,2,rrrrrrrG,9896.0
9900,3,rrrrrrrr,9901.0
9905,0,gggGGGGr,9906.0
9910,2,rrrrrrrG,9914.0
9915,3,rrrrrrrr,9919.0
9920,0,gggGGGGr,9924.0
9925,1,yyyyyyyr,9927.0
9930,2,rrrrrrrG,9932.0
9935,3,rrrrrrrr,9937.0
9940,0,gggGGGGr,9942.0
9945,2,rrrrrrrG,9950.0
9950,3,rrrrrrrr,9955.0
9955,0,gggGGGGr,9960.0
9960,1,yyyyyyyr,9963.0
9965,2,rrrrrrrG,9968.0
9970,3,rrrrrrrr,9973.0
9975,0,gggGGGGr,9978.0
9980,1,yyyyyyyr,9981.0
9985,2,rrrrrrrG,9986.0
9990,3,rrrrrrrr,9991.0
9995,0,gggGGGGr,9996.0
